7658 8058 7376 2487 7998 
6425 3291 4620 894 1802 928 4655 4535 50 8236 
3854 9086 3066 
4517 2873 3658 7896 7141 3141 
7796 5015 3225 1228 
7350 4213 7019 8383 3197 3002 1447 6963 5066 
606 7073 8078 9731 131 772 6590 
8158 2694 4051 
2120 957 2183 3987 
319 6029 4638 1200 3866 5812 5907 8376 3219 2077 
3073 6165 2557 3865 5185 
9638 6777 9121 6175 8134 5888 
8182 4736 825 8323 9988 4086 7944 9096 2742 7013 1587 
2956 5712 3776 7827 7806 5053 5422 
5178 9438 1335 1944 7395 
7802 8055 9124 
8475 7343 963 653 3667 650 8441 
271 5804 2779 3209 7444 8347 8928 350 
2406 4412 460 991 3035 3267 5311 7782 3157 1678 7954 
4719 6607 7963 
7886 6469 7883 8334 7831 4169 4976 6891 8761 
2160 6589 4455 5409 
3024 5968 7253 1746 925 1062 632 
7381 8858 2559 5194 
7249 6237 6711 2453 8783 7301 4577 450 2602 9390 
7116 2514 2668 3702 7233 
9416 30 9137 3204 330 8973 6402 3321 3491 9639 5183 
6871 8728 6756 480 
9175 2762 2225 2620 8139 4868 5451 1107 
4024 9852 8585 9213 2834 1395 1669 254 7386 5049 6805 
4595 5756 9809 7239 5461 4852 
7971 5621 4789 145 6023 1927 3606 3820 5858 5108 
310 4855 8990 6245 4828 1843 1394 2146 2318 4357 5124 
5443 5993 8714 2372 4005 6747 
8842 4321 7755 3808 9273 9232 6086 
8479 2310 9736 7523 4448 9740 8984 
4132 5837 3162 1498 9276 5277 7278 5141 8758 
2074 6121 5513 9026 2854 1316 93 5538 3794 
5848 4618 3363 931 9767 
7758 8380 3688 1598 6424 
816 5826 8079 7728 9734 
8790 5143 8260 4597 4052 4096 909 1752 6494 9333 7735 
621 8145 4319 4865 7498 2703 9376 1982 9221 
569 6228 5512 7588 9872 
2801 2395 9730 5290 
2434 6669 6330 6363 
8710 4380 8031 
5992 7096 8897 515 7689 
840 901 2316 5541 2478 8245 4560 
4901 9156 5307 1319 3872 3673 
5851 195 5432 9259 8558 949 3088 7730 662 3949 
2168 4366 9464 6638 9843 5646 9283 
4080 2052 2650 
2420 8676 6205 1750 8445 6433 5574 2822 7012 
5957 9870 4846 101 856 8902 8169 4625 724 
2820 4290 519 
6061 9571 6015 4557 
8109 5312 4528 6951 
2546 5245 4376 4197 9160 3508 6077 
7937 5543 4520 5044 9630 2561 
6357 2469 6786 2296 2909 4681 
3762 6965 9377 
6523 7224 837 
6705 5548 9128 9567 1914 
8522 4038 8448 3523 9656 82 2178 1990 7991 
7318 9478 1858 5995 
8304 6440 7148 9879 861 2068 2464 
613 8459 2592 9615 
1145 2250 8590 6137 6948 5244 5964 
4585 8724 9413 9770 8297 1896 4329 4404 2435 1043 2835 
2149 1484 2966 3371 1314 7243 
7739 3234 5215 4173 
8705 9586 2729 1244 8183 
1663 813 915 
8215 2996 7104 8831 5344 5498 4504 
9146 2894 2429 8099 7923 4859 3365 4717 3640 751 3359 
9677 1753 5349 2959 
462 3863 7718 2210 6268 5525 1502 1226 1800 9696 4756 
9555 6637 5394 8799 3965 
4893 8196 7749 9873 791 5435 2176 
3554 2619 8171 5174 5484 
4259 5250 9142 1289 8841 
4027 6858 8231 5735 
1740 6878 7051 9927 4331 9341 9155 
47 3181 1614 1409 
8843 232 3810 6445 5669 2426 8961 9313 
3168 6862 3549 3029 367 8400 3944 2911 
4487 6037 8962 1068 2760 6098 482 8346 3690 7624 
7712 2868 959 9152 2946 
5104 562 7568 2450 9827 8429 8539 
4659 9501 6733 8463 2652 1022 3147 5616 8355 
7927 1689 4223 6277 6632 4509 2181 
1481 5184 8678 4157 7562 8620 5980 4283 6962 4282 3609 
7337 7599 8038 4339 1298 6848 7106 651 
4922 7360 8372 7438 
9236 296 4559 1475 
2848 443 4452 6065 8080 487 3399 1229 
2379 6888 4256 6095 5881 5834 
7598 6048 2758 9067 9681 
2852 9410 7777 2875 9214 755 7125 
9963 8827 1373 984 9779 
3497 1703 5261 3882 2830 5306 
6419 9105 4355 7086 
6815 8704 1469 6035 326 3025 8233 9901 
5630 5330 4212 6717 2144 3912 4108 
1013 8458 3966 7260 7369 4886 7483 
7605 7309 5715 
2660 2182 8918 6409 1675 5588 
8048 5248 4028 8500 806 4849 
7311 3190 9436 1729 469 5211 1454 5571 9756 2007 6979 
9721 7414 1318 5942 4299 
1044 435 1221 2677 
8496 3981 5912 8882 3486 
8238 4405 5321 8089 1616 8571 1172 
3472 2961 1998 7302 2669 7319 6639 387 4217 1514 
369 9881 4640 2565 4678 6913 2180 
7880 682 9857 4740 9986 9741 
2697 7474 6838 7477 1386 2793 7664 717 8635 
8457 2543 6507 129 
7285 6265 6417 2523 7114 9266 701 
8869 457 8098 4565 6266 
4022 2232 9050 
1561 3196 2904 3584 8937 357 
3493 8011 136 9862 7258 4796 
8148 3309 544 6124 3420 2227 3393 3572 2795 
8584 1957 1236 9995 4819 
5022 9838 9463 4524 5441 1575 977 1293 6923 
566 9581 2344 1513 7951 5152 3173 7958 849 
1682 8655 4033 2409 1834 6199 1717 9164 4315 
1351 6573 2157 325 3518 9882 1538 7044 3089 
4541 3163 1457 5746 6612 1567 
9732 4044 9603 1897 2231 8800 1697 4738 9722 5472 
1883 782 3953 6144 4601 3801 5168 6398 9861 7332 1173 
2061 9575 7849 1265 
3696 7101 9916 1926 5281 5267 
3260 5236 9495 7166 
1677 3870 2063 9521 1006 6150 4985 8797 851 
7432 6186 5389 4070 2268 1162 
4701 9091 9812 2917 
88 8331 2482 2062 1762 1391 8103 5833 
4261 239 6941 5291 6936 7289 7988 7078 
4400 9022 9194 468 4582 
1035 67 268 8943 9497 9688 4882 5196 
2648 5819 730 5032 6557 5475 4513 5213 3465 
3414 624 5814 
3014 2495 968 5206 5624 
8149 7256 8836 3238 177 6754 
899 1488 5934 
4802 62 5091 6802 3543 1508 6647 6797 
6829 8222 3940 
4048 8397 6232 3109 
6448 5818 4399 7540 8053 2377 1211 6876 
212 8764 391 6338 7611 6325 7465 8451 
3443 2360 6327 
3655 8486 9646 1518 5319 7660 1309 2743 3750 
9665 9895 3626 9540 6303 981 41 1290 6934 6907 
8930 4345 1743 7683 3044 8682 
2355 2093 9344 6782 
880 5876 477 3839 7472 58 257 1266 9910 999 
107 6751 4210 2045 5496 
6351 8020 2292 9602 6110 3978 3582 4682 
7820 95 8118 7196 4950 4691 9453 
4564 9960 1256 7582 3604 8396 7431 7701 4884 4957 5524 
3281 2085 4775 7295 4829 5351 4935 8557 970 6684 
6883 3976 8052 9466 378 3307 4255 7497 
732 9909 5875 6459 5809 
5227 948 6680 3 
7948 4942 3998 6840 4166 
6981 1460 1596 498 2539 448 6539 6792 6770 4880 
1110 7653 2104 59 8917 3670 
1774 7297 3020 3732 2363 5120 5212 8784 
832 6918 1486 5093 1637 2211 9393 
6441 5827 2977 5414 6164 6543 3212 7672 3883 2014 
3224 9936 7656 835 675 8617 6652 1997 1257 2571 7461 
5010 2371 5583 6667 8195 719 
2241 8772 4271 6703 9937 3164 
3555 425 3121 
361 5832 9792 2441 6194 5004 7939 9858 5649 8343 
9197 3797 9850 3166 7548 
4039 3926 1891 3055 4430 4892 3498 5401 
2509 4089 5148 2036 3769 8779 9527 9483 5309 8864 
1924 6487 6478 978 4907 7339 718 9657 823 
51 6630 193 398 3681 485 9354 72 342 
4758 3591 1795 5171 3000 8688 2147 2906 5423 
9059 2910 4057 9074 7532 6262 2135 8263 9122 
8285 5207 3452 6128 
2778 9948 5536 3113 2517 2727 167 
6394 1091 3890 9193 9186 9650 
2552 2772 8102 6038 
3815 9294 1276 9990 4021 3011 5675 
3030 8253 1064 2935 2926 5417 1382 
5043 7286 7394 2810 5279 9288 7316 529 
6252 2617 3722 4598 6666 4251 9136 9388 
6005 9212 92 7722 1625 5738 8782 
1898 6418 1018 241 8042 
6860 5418 5805 9976 5456 6729 1599 5378 1418 9125 
8709 4511 779 8549 3973 523 
3064 7335 2081 2964 3292 2675 564 213 6311 
6407 9761 4071 3880 331 9807 
4967 7421 2574 9245 7756 767 
7163 7481 9787 8300 
6362 8160 8229 2493 4500 327 9854 6998 
4111 5839 3504 7146 8777 5857 8892 526 7425 
1691 7010 6430 7255 1397 
4350 8035 3893 1838 
9641 7822 9935 7098 1573 278 2562 2397 6231 2277 
2836 7924 6381 8524 1767 8595 9837 3277 7184 3585 
6656 3713 9536 7188 6852 5577 6212 
3340 3380 7987 5118 
9189 1889 3285 
2839 7869 6788 408 7480 4401 979 592 3039 
3298 9457 9274 2 7920 8150 2385 6512 
9680 612 2861 5728 
5341 7788 2759 5158 8485 5405 9372 1779 6201 
280 9403 9749 1393 8000 8 5235 8586 3313 
6063 6555 417 7626 5195 5400 1738 6937 
7693 1038 8450 5382 9953 9800 6674 7045 4491 4130 
4003 8579 7521 2766 4648 9822 3245 9915 204 
7047 3199 8193 8062 2899 4605 4365 324 2610 
5861 8598 1719 8279 335 8190 1853 
3684 4009 2238 
5938 8811 4926 4817 
8097 7573 8601 1485 5106 1941 917 6974 
9295 5778 4097 2732 8927 5747 7707 6986 2841 
6993 1688 2655 4034 780 4767 2934 
7204 728 382 9664 8879 1428 7884 5421 6708 
4396 6472 9962 6681 2080 6157 8903 8170 5972 8683 
3993 6882 5643 9530 1951 2342 598 
6484 6336 4042 1553 5179 8830 
8972 8980 7488 27 1388 
8802 5813 6601 2170 
4447 3802 9102 
9101 6078 4873 9693 4990 7761 
2483 6527 8801 4657 4685 
2545 7766 3232 3470 7003 
8505 8209 4280 2726 9490 7158 9226 198 8923 1466 
6928 4663 7062 3286 3474 1372 7038 874 
3985 2470 3236 1953 
5301 5458 8934 4182 8730 4181 4264 3834 3019 1860 
2896 6541 1787 1922 3142 4234 7551 
4980 2631 2427 
285 1009 6731 2143 9473 1968 6727 1496 
8685 7053 9345 2387 2867 9035 1000 8487 5193 
7150 1618 2492 8829 3669 9594 8964 9123 9111 
8071 7501 5068 3836 7257 4431 5553 627 
1048 5903 1813 
1137 7419 6383 3459 7914 5021 
4472 8267 1155 6290 5556 4689 2126 
3594 7280 7022 9361 7670 
3341 4962 8476 2809 8241 
4854 5751 3743 9624 6333 9803 4278 2099 
699 6420 237 4467 2444 6736 
1877 3746 6778 3052 5139 3283 586 2595 1494 4460 
1012 2771 2829 493 685 3435 8362 321 4743 
5358 4969 8104 5648 4262 7046 513 
8154 8643 7663 8246 7445 2889 3028 5147 
2190 6657 6053 7175 8884 3107 4416 
7168 7185 9985 9474 3439 
4047 250 1024 5381 
3045 6596 2596 4749 4244 4012 742 5508 4257 
9 1850 6536 
9455 7810 2451 9462 
8371 1348 1955 8753 1558 5919 3454 
950 8301 2968 9659 6140 2928 1799 132 1576 
1597 2585 7009 4059 2821 6759 6816 9687 8788 
7984 540 6988 2097 
2242 983 8342 7838 6819 4641 
7380 2972 4870 9349 6142 
4488 8867 8717 2901 1093 6391 6235 24 7791 9911 
6679 3048 956 7379 9922 8039 6085 3442 
986 6889 2118 5929 5331 1357 5085 
229 7792 4475 1487 2651 
9093 6813 1749 
5596 3179 8698 8849 5123 
3680 3862 5627 3293 2105 
6796 9645 1462 4224 3778 762 380 1421 
6180 5343 7120 9265 3333 6371 9440 405 1640 7317 4134 
43 2043 8531 6924 4055 5678 6844 
9899 5191 4135 776 36 4390 3910 
4322 5539 3449 1650 1090 5713 6919 8310 320 1863 
7279 2923 8593 7898 3354 8680 946 
3721 356 7324 8646 7136 1146 2335 
9570 578 6659 
9444 7901 6253 947 
8733 3749 961 7617 44 2382 9806 9367 3843 
964 7039 3256 2307 2658 5603 6421 9246 4910 395 
3032 3958 3703 8695 5095 4545 3793 3881 
7585 9795 6340 3608 1007 
5121 6274 9258 2827 1299 4454 1370 4501 3710 
4635 2008 6633 5926 3438 
3831 4643 8732 5977 4773 2204 679 3049 4115 9823 
6052 7648 3512 1777 1459 5483 3316 6285 451 5047 3825 
2781 1679 3639 507 765 3564 5485 6316 7569 3694 
2089 1525 2269 1078 1121 2218 
8340 4995 3475 4668 8941 2725 5604 
5354 4631 5251 4529 3612 595 1275 6120 1918 6328 
987 7407 4227 995 6308 4628 5954 5591 6660 8808 8249 
1184 9348 4507 1588 3540 
1227 9407 5154 6619 
8741 7522 7612 3208 8751 7591 
4428 6069 3396 6996 7152 525 
7097 6041 4168 1748 3869 
4090 6044 1776 1796 419 3602 9211 
2013 8415 1282 1842 454 9216 2049 3531 
8527 4566 9335 4125 9951 
8351 5852 1641 8785 3103 
2346 9356 6153 8756 
3651 3072 6485 
9311 553 7277 1258 5709 
5930 1769 3530 6317 8308 5994 
8328 1630 2071 8472 2299 
3129 5862 7813 
6083 5730 980 3403 4411 1680 5478 3947 1606 1036 1734 
38 6181 5110 7179 4379 7389 8991 6261 
9437 4940 5868 7408 
440 3034 7153 6553 5822 8210 1878 183 6608 
240 3227 2607 1501 3122 483 8581 2616 
6804 4124 2202 4344 1029 
4407 6520 2058 1544 9880 9938 6264 
6570 8556 5204 9914 5499 8791 1585 7754 
5295 5579 1809 6861 3362 1264 2998 21 
7644 1928 6767 1995 5555 9173 
9978 3434 2325 3456 9934 
5523 8234 803 541 1803 5357 4994 246 736 7979 7947 
7060 2005 2891 7128 2103 9153 597 49 4191 6890 8538 
7641 5638 6661 7321 9296 9860 8850 2423 1935 18 
6641 432 4611 838 7916 811 1708 6982 4202 4999 
2185 4610 4951 
9205 159 6544 9129 5921 1364 
7367 4054 7714 1087 7929 9529 2667 4346 5469 
2166 9523 8834 2699 1880 
7778 3489 2752 3158 4397 238 
3270 7867 8497 60 77 1763 7563 4609 
2031 5336 2351 6461 6388 
3387 4172 1938 8840 9610 6867 5847 7382 2954 1192 8418 
8909 5334 3483 1159 
6242 955 1381 5829 2173 5811 
6730 7130 6404 9431 7687 276 2739 
1005 1424 9504 1685 7974 7508 7512 6071 2985 6079 
7422 8976 8608 1480 4984 4002 945 
7751 8176 9965 3275 5760 3989 5175 5266 4215 
5587 3062 7466 2847 2560 6320 6969 
3816 9083 8276 6321 9564 5521 4710 
9454 9037 3392 593 
1560 2485 8868 2300 9846 7589 
7370 6386 2305 8982 8271 
8671 8100 4998 8394 316 7263 1392 
2993 1099 5578 
2497 4093 9723 6902 4571 5757 4291 
8416 385 8465 
9315 6240 3120 6188 2609 5660 895 2713 6222 1346 
4737 5231 7177 8699 2340 1962 2285 522 1307 2421 
3932 3805 3248 810 2191 4869 1198 5065 5088 
4418 1070 5327 9063 1626 8566 3429 5103 
1081 2897 9691 8820 8157 3787 8914 5729 243 2548 
3228 2301 7511 1176 9343 8512 3077 9836 
7818 3534 9321 6403 6304 4688 9422 683 9987 3262 
8862 452 4349 5089 3994 5853 4083 
8630 4468 8955 2282 1670 8311 2468 9531 1600 
1983 6501 3861 1720 
8545 8444 9517 2195 9241 1804 5390 589 1353 
5946 6531 3779 1634 817 3664 4512 
6096 7059 7080 4885 2376 314 190 626 5898 2122 4426 
4084 7416 7076 6644 3850 4704 4143 3908 1114 256 
5346 6257 3682 3773 
5651 7682 1659 8613 4997 7526 752 3343 
3095 5112 5000 5036 
9588 6900 1437 8569 
1152 2486 6935 1948 2857 8890 9432 
5679 1611 15 
1185 181 6893 7390 6349 4784 9165 456 2979 
6141 3246 7449 6213 1056 2824 4661 7516 
599 5132 5784 5597 2701 
4542 3753 9595 1936 9148 1321 2189 9835 5589 9109 
676 8026 6622 4392 9892 
6170 3927 6701 7095 8792 5452 2673 8028 5613 1420 4270 
7478 6033 6486 2682 2507 6987 8337 6547 
5866 1847 708 
6707 4617 8629 6663 7746 6270 
6119 1836 7433 5131 1153 
4335 9582 3329 1083 5403 8985 45 
4152 9380 344 
5442 8029 7639 6401 5557 2613 4116 3348 2570 
6773 933 1532 5375 7885 3562 1758 2639 1731 8364 
7503 1156 2719 829 
9739 4603 472 94 6696 9885 3346 
1993 4091 5507 7484 2723 
4903 1965 3716 249 
8043 1404 8989 7427 7909 5016 8755 3407 3467 1933 
6326 4229 862 31 6764 5880 3423 
8957 5502 6416 5892 543 7074 
1267 5792 7351 1278 1095 3665 7055 9992 
3936 6250 4294 6146 
7995 5802 7162 4506 916 8377 
1113 565 5355 4930 
4656 3251 1894 3086 8073 8272 
6405 9300 5767 7107 4286 1652 2448 3440 
6561 3809 7275 2555 
9848 9849 4373 7424 1757 784 3373 3418 6947 
8996 5406 9782 4569 
4427 5884 1101 3017 8999 3320 5566 
3295 6463 3195 5189 2864 2247 9112 2586 539 4941 
5038 9804 1355 5535 5187 5575 
9248 3214 7934 100 4129 8315 8063 
8027 7702 3468 289 3352 6586 4947 8605 
1027 6511 8769 7353 4194 8877 2029 552 
8312 4677 5217 4201 8911 245 
9533 9569 143 3167 4015 3266 
4307 5289 5029 9637 
6379 3043 3553 8959 623 
4102 5097 9518 112 3349 9577 8762 1400 705 6650 748 
6921 1815 3770 3598 1067 7261 8765 2505 9939 3501 1923 
6940 6360 3905 5303 5304 3628 9060 7921 
3412 8920 740 2159 
5902 3398 9337 1666 
2224 5748 8153 2230 9353 879 3289 4421 1658 
3547 3972 795 1269 
7251 294 5165 2553 106 5920 
9668 3239 9534 180 
2750 9052 7680 5197 8022 7868 3730 
7018 3541 3992 2466 2531 7774 2419 7575 8283 
5963 2684 422 4453 2931 3580 5960 885 5298 3521 
711 7655 3520 488 930 5404 
3607 9908 9712 5599 
9215 9370 4131 7763 5037 3737 6574 
1647 7870 7190 6716 2248 1116 8293 2879 
3203 5609 4703 1828 8278 8269 8748 3193 4583 5393 7147 
3855 8912 4908 427 6449 9611 9883 8681 9304 
1202 2900 9759 5335 
5169 1240 7035 
4881 5549 2414 9481 8510 103 2612 3988 8492 988 
8749 4525 9185 2763 4076 868 5780 4812 886 
3367 5975 6842 6247 6226 7515 6344 5965 9961 
2465 4575 9840 9526 4463 1108 898 6159 8086 1956 7623 
9888 1127 2023 3148 1617 2757 8600 6060 5758 
6741 4457 4205 5867 
6133 8956 6118 4825 1208 
3892 8544 2519 5800 2215 207 9579 993 
436 6254 971 1363 
3416 416 1881 8716 7750 5367 4933 6233 4049 6588 
545 5149 5487 6010 2404 4842 7601 9071 
1861 7997 6653 5693 1764 1177 6837 3929 
735 6999 6859 2009 
8221 4563 2647 8348 9032 6946 9923 9512 5582 
1261 9546 1180 5342 7040 7210 6324 1196 
8382 7509 8366 25 5904 9847 7732 3997 7007 
2003 6284 5116 
8064 252 5893 8384 370 
4386 6130 5086 1413 3812 1239 723 
4761 9821 4651 4440 9649 9590 4342 
9387 8781 6610 1667 8111 5828 7633 2837 
6018 4782 3402 3532 9890 2765 2260 4222 
7706 5098 3999 2128 6682 4747 9538 7241 4497 
4295 7537 2284 4891 3934 9844 2576 
9711 8288 3566 8406 6299 7208 2206 3065 974 4809 731 
7940 1664 4562 2636 8138 1745 322 
5970 2885 6182 
1158 6518 4654 463 672 
1665 9905 1301 2807 
4313 6540 8642 7824 8420 8425 8978 5526 227 
3432 9005 6581 4936 1725 587 7102 7705 
1105 6148 8427 3240 7331 6070 
261 9375 1916 2711 5094 2696 5625 1765 
2345 4267 2025 2927 9559 
5078 1422 2273 3747 
9078 8935 8432 9303 9832 3663 
4432 8207 6127 3672 9346 7005 
7042 9115 6808 7495 7906 5371 927 4402 1559 
154 4110 453 6339 8794 221 6479 7192 7378 
5506 5092 9925 3931 186 2644 1453 413 
3616 9404 3457 8141 6 9724 4424 8121 
5593 1203 4938 9209 969 9845 79 1444 3351 7850 
8105 2390 4087 
8677 8144 7536 5944 1324 1966 6961 
3370 502 7962 9157 921 9494 8122 
5255 4624 9945 
3579 5598 5372 548 7594 4094 8128 3768 4572 
7759 4551 5264 403 4338 5447 1783 
2459 5744 8187 5377 2995 664 
151 3143 2095 3105 4816 4499 5910 
5039 6051 8899 8789 2986 1512 1179 4310 
9598 2364 8214 6437 
4732 328 3525 2256 2522 1330 9972 5629 4687 
7800 3718 8844 7410 1482 7423 3361 
4204 2145 6843 9620 6027 6642 8575 3205 1191 9297 1331 
5 2455 5736 6712 1448 2431 
7566 8757 2090 
8474 5697 4363 1841 6516 7236 7907 
2319 3891 6556 3860 739 3937 3806 
64 3057 2164 
1241 9405 5203 643 
1601 3022 1337 8287 7362 223 3887 
9958 4714 5845 4077 1754 
5700 4532 4289 1893 4064 9218 1833 7069 5860 
5160 3426 5719 2223 6849 652 4237 9319 9996 5323 
9088 918 4126 1713 3425 7052 
1398 5214 3817 5380 4580 307 
4633 1359 9180 1341 3925 4320 2930 8186 1856 9238 
905 1629 4074 9290 9735 7581 8838 4180 
1249 738 2276 297 9859 1139 3964 1011 172 9642 
9450 9943 3822 7720 6732 2083 
218 6609 6179 3724 4254 2953 
2101 3092 8224 9469 5830 287 
8232 7559 4702 919 6496 972 2974 5879 2205 1217 9253 
9707 9278 9561 1071 8274 4804 9949 5615 
2156 8319 4391 6359 8968 
4306 3567 9697 6677 5943 3376 3653 6954 348 
827 9956 3505 7266 6575 
7034 2670 5774 3695 1681 7675 1706 3835 
6457 6534 6156 3006 1072 1888 6162 4921 3408 
5012 5959 9430 7691 495 4864 9061 
9151 584 8341 2055 872 865 7371 9184 
3056 1859 194 7138 3161 2661 128 2844 1123 6885 
144 5581 5356 8521 7137 4150 1106 3858 6598 9660 
2672 6748 4017 
2538 5155 3565 8068 
5569 5151 6396 
6434 9192 274 7129 8795 8436 
4128 2152 3331 4711 1991 5684 677 4484 
8188 208 609 1340 7544 3150 
6533 7966 4602 
8001 5727 5127 7206 
7832 3529 5278 674 848 7946 5228 
2151 4415 2637 1119 3146 
8727 6097 3325 4297 3980 8021 4209 6464 3971 5759 
6218 3216 1109 7956 9663 234 4848 
5586 4690 4675 7240 9717 4578 7845 
379 9673 396 429 8715 421 
6272 4438 1059 8863 9713 8015 1439 7085 1376 
3678 1089 9797 2791 163 875 7197 9018 4613 1627 3646 
2006 4956 2504 7374 8268 
2381 1578 2408 9760 7452 6793 9573 3023 2311 5492 
8872 76 313 5254 8900 9198 1937 3830 996 1580 
3336 1656 7135 3172 
5057 9833 8326 6672 638 9612 4589 4285 3557 4508 
8696 1248 7770 1410 2198 6626 7155 850 
4521 5610 5923 9648 
8817 2563 5997 431 5182 7426 4100 7271 8265 
9955 6323 6084 697 7580 
9993 5922 2826 4674 2283 
2383 5650 1624 2704 7363 7665 1403 1952 3911 
272 9631 6134 5232 
9762 3008 8332 9443 6206 834 7504 3123 6034 5849 
7092 2598 8299 265 1273 7876 6473 
8108 4780 6617 2970 2921 
1327 4477 842 8237 1243 9306 4252 459 2162 8228 4518 
3211 2030 5681 9281 
7396 3273 4806 4841 5979 6211 8846 9479 
2573 7953 3300 8742 9613 
3948 8711 3235 7215 3924 8809 1021 9492 2265 3358 4787 
3996 3311 6922 6863 6057 284 2115 5117 2605 
6631 6692 7383 9941 2707 9357 6559 1399 4600 
6678 3404 3712 8430 5762 3803 6219 1412 
3405 5711 9324 3369 8845 6103 4179 3007 
4888 4959 9055 6824 873 
4056 6129 6390 4519 630 820 5618 5815 
3151 729 53 5517 9632 7815 1047 
9048 3884 2982 7888 7212 2119 
6227 8093 6050 4107 6196 3268 1999 8469 9187 
5107 7230 2971 5540 
2869 1342 1272 4092 5620 5052 6397 4978 1368 5296 
7642 3593 2473 9906 
4530 2442 6673 3990 881 1535 9751 
8634 7828 6917 1947 6899 4101 5413 8403 6560 727 
6295 7982 3218 1547 4875 3900 118 3789 
9487 111 1854 
1534 9023 5590 1540 2048 3668 640 3959 
5634 1548 6105 5704 
7546 8548 6983 4752 4481 4636 1280 7555 6877 
7685 6865 4722 3430 5949 
1925 3386 500 3638 6504 1431 5662 6896 
3614 7933 4861 
7842 5071 9556 394 
3339 9820 5820 8513 7726 4671 96 7874 8200 
5632 6495 1246 4324 
4731 2748 4474 3661 3473 
9051 2327 1929 9640 3970 7859 4797 1134 9220 
397 1222 1903 2148 6347 5717 
109 4805 2447 8542 2188 741 6714 8652 
147 3731 8780 7678 2138 449 5763 7757 9950 1735 
4122 5781 5208 3160 2208 4158 
5084 633 2349 801 5014 6292 3864 8546 
5961 3909 8975 1848 7017 7170 
5567 7789 7592 2253 
7741 754 4831 1574 6470 
7781 8723 1055 7708 4214 
1288 5552 5584 6125 8565 7904 3982 8647 3249 5752 
1033 9475 7226 9869 8886 3187 5595 7716 
9515 9662 5841 7356 
306 3738 9568 3736 2174 2110 3851 4045 
2975 6726 9047 9651 4724 7812 8535 
3544 1303 8913 5220 4260 8092 2622 3135 6827 
6745 1118 1325 9448 7989 8673 
1849 6592 1313 5324 4414 1497 580 4981 3042 
365 114 9382 8504 2577 3686 9933 
9929 9746 9808 9460 4374 6300 
2001 9291 9108 3853 574 
2326 9389 2981 3149 5890 5909 7375 
3659 3176 2219 2690 8330 
9802 8110 4120 4723 4141 
6787 9145 939 4567 4725 6334 
3323 2888 6505 
2656 8602 3760 9394 
471 3448 7507 7198 5398 9347 8583 
2643 2324 4036 2367 
489 7513 7232 8532 9886 6825 4516 
3590 910 8970 9591 691 6604 1365 5546 
3221 4666 4079 9896 5661 4170 3390 42 400 
8291 6454 5520 6929 
4712 8824 9683 2413 
317 6735 3046 7132 9044 6687 8847 5682 878 3727 
4008 4232 3648 1589 6431 6856 323 6564 786 
4200 6467 1349 6702 8591 9239 7228 6752 
1789 4030 8498 5126 5041 9342 9983 6749 
9277 8771 4075 415 13 222 5948 1334 
3610 3226 225 4811 1981 277 4845 
2400 1906 1622 7199 1 5402 3921 3898 7008 5570 
3723 6629 2314 9452 2289 
6482 7866 4078 9853 5013 7530 1690 2671 9217 572 
6444 8439 1671 4471 7420 1701 5731 8140 4246 
2375 4226 135 3037 9379 3159 6229 797 1908 6471 7304 
9204 6139 8174 5550 9834 
7439 1522 2352 8665 9064 187 1138 224 9222 5966 
2415 1197 4450 
2664 4897 9545 7659 7290 8350 2254 2398 
4955 61 6700 6185 9007 511 7872 
7745 2630 4162 6068 6655 3807 2297 3178 6414 
7557 9703 3657 4883 8239 148 7734 1913 8113 
8056 9891 7852 
9434 9799 2334 75 
3876 2718 1870 
4925 4250 9332 5939 407 4840 
9998 8398 2937 2366 
3751 2012 358 
2046 6236 5397 809 4069 4328 5282 
7214 8294 8280 9552 2513 9159 8494 1705 4632 4296 1182 
6978 8040 54 7725 4443 788 1621 
7084 1736 9066 1468 1810 4304 4136 1260 737 
2600 6812 7798 1874 3015 2783 7688 802 7470 
4312 7895 9789 4974 6908 2337 3410 3344 8582 9592 
2121 5459 29 9969 2368 3134 
533 4327 7677 5067 9279 7061 6694 5913 596 1302 
8070 8455 7992 7784 1794 1603 2446 
6765 8525 7393 5002 2350 6685 1435 695 
2491 9363 2890 8443 7961 7635 1939 5918 446 
8693 6003 9314 1142 2580 8572 292 8901 4146 308 
5754 600 368 341 4343 8942 6107 
4305 4137 839 1054 4745 2536 
3705 8612 6399 5314 8165 1884 2919 5788 
4156 5896 2016 2969 5824 4554 1046 4929 
9868 1094 1268 3535 9385 
5687 4502 6135 5353 5011 
433 6169 5048 3074 5297 8796 9720 6971 
4189 2802 929 
3184 8084 1001 6114 6197 3400 2076 6072 4359 
6039 1354 670 3171 6249 
7821 8213 4835 4748 4639 
9811 4085 6977 5218 9616 4140 444 
9658 3366 4225 9328 9172 1716 4123 5901 
275 9625 3559 2691 4660 1902 9516 9240 4932 8387 9669 
6779 4465 126 3180 9647 4473 4523 1483 7936 
3620 377 7830 
6460 9351 8192 5463 9264 3451 3485 1530 
1940 2161 4858 5883 2129 
1755 5059 8708 8940 6503 2096 8870 8230 1711 
4235 6623 696 5242 663 3563 3570 
2092 3629 7558 508 
8203 1895 3739 3303 
447 8321 8707 5387 6910 7001 5633 5223 
3581 6857 4406 7631 989 4360 
2330 4851 6190 5654 1569 1472 
2529 5641 1154 9371 2082 1543 6930 9755 2761 7341 
1366 8644 4302 7227 1178 4733 5623 8392 6195 
7731 4615 1254 7667 
4680 8916 2457 1305 4637 6045 7723 7894 
7122 2688 3977 
8244 1419 2418 9894 
4832 8316 3299 7110 1350 3818 1784 
3811 5663 2214 1493 4408 8931 7384 211 
4247 4361 8482 3144 
8987 7068 3759 5694 9081 3516 
1216 942 6171 6627 
5998 7877 9783 5061 2705 
2142 6585 4435 5716 2753 8896 3421 5764 7604 3536 
3897 7704 2990 5806 1461 2989 2124 
1008 7071 7952 7310 
7299 5925 2281 4023 
9771 6584 2840 1785 
3319 3957 8511 5677 5415 8125 1692 6310 
6755 3589 8993 647 634 7620 6332 8009 4043 16 
2033 7274 5559 8030 
9826 3548 4207 4231 7231 1510 9709 5262 6207 3986 3384 
1320 7980 9352 6112 4918 4923 6566 
8135 231 5786 8803 
125 8502 9233 1339 7207 5134 9777 774 2569 
6481 1329 2813 9614 2541 2107 2957 542 843 7640 
3098 9029 8624 7056 3253 1446 4878 
2213 8661 5444 4006 7765 
6790 8046 2884 7404 5865 5947 
4082 392 9768 3546 7930 3499 504 715 2724 5514 9368 
8506 9566 3479 5750 9057 6151 1174 7455 3918 2700 4145 
3453 1456 2918 
9940 3372 3021 661 1065 8006 3791 7943 
305 9607 6884 8223 5292 6367 6784 826 
3139 73 7772 8426 2467 
7000 9132 184 1638 6966 3704 5040 2177 2665 
6783 3963 5721 6329 
6887 9496 4218 4000 56 575 4161 
6658 1166 1890 5695 1911 2687 
3016 3568 9090 3618 2317 
3455 7583 1563 7534 7535 8050 6976 
614 9092 9188 6234 8657 2708 1238 
1080 8116 7552 9070 
9223 8094 2255 9830 6699 4060 1702 6833 7330 
5200 2874 8352 532 5426 2599 2353 6009 9584 
6690 5273 5462 538 7858 
9813 3895 2633 7273 6901 
3748 5560 876 6725 7281 2298 5368 9126 1103 
4118 7860 1058 3156 
2624 349 1590 1791 2932 5190 2278 1572 3828 6791 
8130 6217 8385 
5407 7616 5460 9593 7817 5268 4389 
7112 7482 5937 5988 1407 3603 8167 9161 4352 6428 5670 
9400 9539 5656 3711 689 6111 9322 2259 8286 
1869 4887 9418 5122 4699 2357 
853 7050 8560 2331 247 3852 8933 9470 906 
2479 5877 5226 3734 
4494 1385 5069 1645 7654 
5491 3914 7467 2738 
8266 4718 6519 4965 7902 
3847 411 2963 9338 3395 6246 
9686 7475 2568 5470 8365 9765 5173 
7272 1128 2924 137 
2359 2059 1251 821 
3784 9576 3857 1084 
5803 5707 1737 9810 9522 5140 
9043 9580 4088 8243 4242 7993 7710 1271 824 8721 
3933 2022 1026 7428 3782 7959 1593 
5671 4697 1085 9166 6709 2567 
2632 8159 3916 9327 7629 5771 343 6400 
6634 2471 2172 2244 6025 1500 8874 4586 
6116 4409 6695 9753 588 1977 
534 5940 9542 1345 8533 1515 8536 3241 48 
7561 5950 7458 5971 3288 8361 8172 4154 9355 8747 
6354 7058 7697 9964 1092 5601 1076 5083 2410 8018 
5427 9874 9308 1414 3841 2114 7448 8405 7235 7333 766 
4895 309 1204 6611 5170 3652 845 4670 1030 4368 7254 
2579 1219 8262 9082 3517 
1766 8468 7793 
9317 8437 5753 815 6603 
9544 4987 7093 8402 7935 7193 6618 505 
9415 8322 3641 6462 6662 2184 
2698 9898 7752 6645 2544 7637 329 5503 
7201 1655 5285 6545 3207 2606 
3356 6517 8776 7938 8818 5773 2060 
3484 1041 9917 1934 74 
7342 37 5854 8887 
7486 2108 1557 537 4857 9411 
1872 819 3766 6058 6378 1582 
4694 8848 2980 4186 9600 
9747 2458 9754 6283 192 3116 251 2638 9981 3004 8653 
298 6342 792 8576 8690 
6042 1867 5665 2017 4576 1183 1695 5348 1250 
5234 503 9667 
6810 2842 5473 9014 2749 5856 4211 9140 
5445 2846 7634 3633 6438 9329 
3575 2500 4653 3364 8017 6358 4550 
2412 6514 6964 2200 6384 6080 9932 5545 6337 
6693 4356 9040 9334 2461 8225 
8499 5497 8701 1556 9554 2064 3409 
8618 7247 966 1131 9514 
9796 4777 1031 3417 9605 8259 4526 
8553 69 8059 6552 178 4233 8370 6147 120 9073 5676 
9421 9118 8501 9113 423 4437 5842 8107 5917 
8412 441 9084 3337 3145 8889 3001 1751 
7479 8895 5073 9708 3605 2865 210 8828 5645 
7829 7293 2604 8156 9163 7493 270 2992 
4964 7733 9627 2106 4114 3005 
6763 5739 8559 141 4498 3252 4727 8197 
937 1130 9149 
8766 9420 648 7159 8855 9587 5466 9305 7787 8226 
8481 5033 3198 3436 1135 63 
8628 7994 5192 2786 7661 4195 4104 934 4788 
3552 2088 2583 7571 8640 9652 6506 2039 
3422 3662 5240 7169 9402 
5198 3254 5416 494 2878 5369 1187 
217 3767 5130 1317 4277 6255 
3119 6814 8137 818 8072 336 3492 
5511 877 9203 
5428 1661 5733 1819 3324 332 3675 
5580 9008 2440 6713 3433 6021 9743 3375 3304 518 3627 
2706 6271 6314 1971 9502 
1820 7117 5558 1812 4838 2137 8477 1074 
527 3137 2150 1199 7359 4588 5714 7622 9384 1194 214 
9878 4265 7079 941 9924 8503 6576 4700 
2641 2098 6640 2199 4492 8173 
1171 2472 2997 3318 6761 5674 1759 139 9025 4945 2892 
3013 3922 7576 8375 
8574 4877 202 7879 6014 
712 1061 4362 6985 8594 6580 7698 6854 7779 9532 
8713 9085 9268 6474 383 6750 2075 9237 3441 8734 
2396 8409 4449 35 2125 2171 1727 6322 5742 
1377 9775 1619 4387 8812 5101 3904 
1338 4662 5383 5840 1931 
2895 6455 7851 7549 3413 7121 
2681 7550 3867 1943 1920 5125 9589 
5911 5305 2816 
7328 4742 3250 692 2629 1714 8126 8921 2328 
9694 9752 7861 1840 3754 4496 5328 
3968 6439 6361 5562 5129 1193 8168 1471 4540 179 2165 
6373 2960 6062 2799 4317 531 5338 5225 
1234 2814 1015 2566 2018 1312 3490 6293 
7392 5722 9174 1492 763 8252 2436 352 1864 
570 7149 5844 5962 1356 6081 2715 
6345 1140 1579 1919 3302 
3068 6287 2740 98 3445 8651 6760 720 
9851 1741 3687 426 2117 302 3596 1730 
8960 4768 3175 
567 5647 6492 
7545 778 5439 8240 2499 4996 985 3761 
7217 7627 1270 8722 2424 5906 7223 3058 3360 9511 
9565 6850 5528 9427 870 9816 3632 6798 3623 4113 
6980 4814 4292 
9447 7882 1830 2341 
7983 6874 9643 5532 6704 8645 6435 6528 
8670 1571 1519 1672 4351 5023 9316 1798 7113 
2047 8994 6224 8752 5276 7783 3556 4533 3683 3551 
4369 5172 3848 2994 4801 
7579 3126 5741 6688 1723 
8551 6957 4332 6089 7354 601 1651 8422 5706 7401 
5547 6184 9365 8083 6915 6030 6737 2947 
1169 571 8515 2057 4839 935 5274 3720 1495 
8495 355 3719 1308 3509 5020 2787 6513 
6822 410 5708 1049 9021 8320 
7443 3502 4808 2209 6620 
7323 9062 610 8440 5280 9994 3461 8718 
5696 3140 1988 5079 9727 5789 438 5933 3138 
2378 85 4276 1726 787 4245 
121 3305 8541 2203 
3550 951 6676 756 9340 4155 
9095 3901 5265 1899 8656 
530 8076 6599 7144 9107 3450 6818 6026 1188 5606 6350 
4527 7385 5056 9366 5626 5008 9299 
7666 434 7690 7638 
3382 9763 7377 9974 4216 2627 3154 3038 749 
994 7855 6122 
2736 6046 5072 1287 5315 
216 3539 8977 3660 34 6646 7109 
7200 9435 5253 6306 8615 
7031 8257 9793 7891 402 1612 8007 8514 6689 168 
8115 7325 7586 6076 
8101 9200 4763 5791 8019 3765 
6348 3118 5392 1673 7768 556 5299 8883 1432 3099 
7596 2280 1310 6671 710 9046 
9944 6100 3192 4538 9728 6927 577 6007 8309 
893 8825 5843 9182 3798 9275 9482 
6753 9010 300 6879 2659 2430 9465 
7717 9928 5644 6535 6665 8998 9033 220 8460 
5113 7996 855 555 5176 6210 7057 7225 2336 520 
8587 3247 1954 5836 
2050 785 7668 6758 7454 2490 5388 5585 5838 6091 
6104 7912 7182 8692 
5770 4031 4514 690 8369 
8264 1844 8205 2978 2859 8270 
1605 5205 9181 4833 2216 
1945 8075 3956 6243 871 1148 
6117 7771 5793 9477 6616 6870 5007 
3833 608 8435 1425 753 3495 1037 1032 4970 
3084 1478 3326 2179 3374 
2542 7446 3701 9897 3800 14 3946 1375 5062 
6177 3781 7284 9098 3792 6614 
558 8282 2755 7372 1096 7043 3907 4989 
99 2999 8906 7630 3169 
5257 3755 7737 7711 1237 
9904 5269 6742 8904 5945 3676 4536 
9689 4905 89 5243 7176 9312 
5955 2358 768 2163 4442 5009 134 7403 7964 
6415 3827 2792 746 7172 1450 5935 1438 1245 3744 
3650 2136 9863 3991 4793 8537 1224 7862 424 936 
687 2856 5702 5096 1003 9698 1722 8986 866 6532 1077 
1147 3379 7839 9398 4953 8667 5745 2343 6443 6355 
6154 6225 2474 9323 4919 7514 9970 6282 7625 2914 
3795 7621 233 6214 6176 2279 8493 8684 
2789 3334 1255 2251 5986 5705 904 6906 8523 390 3330 
7133 3053 6413 5128 6990 2401 6102 8763 7603 2032 
3913 1160 8202 501 5284 2212 
6565 706 3951 
8464 3814 2347 6723 5686 117 4949 2877 5726 
9045 4482 8610 90 1104 1549 
2858 2693 7499 
4669 1332 645 7926 4757 4822 
2235 3026 1274 7834 9425 157 2369 7151 6273 
1300 3210 1458 2601 2710 6466 
2635 9884 7650 2021 8807 9054 5510 2386 
5718 6959 4010 6866 7476 1693 6811 6132 4417 
8564 7287 8359 7248 8442 5045 7154 5775 2437 6278 2685 
6346 3078 2945 9072 7115 8878 836 9980 8626 
3278 8837 5916 5628 8091 3394 
6366 9459 7584 1882 7082 6189 
8003 9744 4171 7985 303 8819 5516 1380 7399 4358 
2853 9671 3067 1724 3824 3692 9679 4587 
551 8305 7602 6106 4065 
6239 2192 8568 6108 6686 1958 
4198 6365 7021 3600 8489 2028 1175 8292 8910 6654 8666 
3112 5891 9446 
7123 8462 4713 2091 8219 3431 9195 7165 
9550 1694 1344 7105 9424 
8950 3350 4445 9506 409 
7878 7167 8391 4896 6489 1052 7919 8327 
1506 6408 4879 
3715 992 5928 8596 3939 6510 2535 2817 7157 8008 9548 
2362 9458 1781 255 7903 9412 
2222 3954 8793 6925 1411 2751 7696 3327 2967 
7823 4444 6143 293 
1347 5494 8090 8888 4649 7502 4844 6389 4739 
1315 7435 2716 8336 3756 940 
7181 5410 9207 2257 8823 4553 1970 1212 290 
8821 4729 4147 2445 3729 2746 
4367 8774 1060 5990 4253 7222 8191 3155 1586 
4862 2515 7543 9786 7560 807 1964 7344 943 5732 5425 
6136 7647 8354 9472 1827 8786 
7600 5777 4422 4333 7957 9907 4826 2449 3709 
8967 2741 6868 5256 2623 1082 
9117 9467 8025 1780 
7447 3276 87 8664 9947 7918 7303 9358 1901 
6446 2000 6668 8117 6453 
7429 8966 759 7459 9971 2389 4537 
8127 1747 9009 8198 6158 
9918 9027 8381 1102 4693 8567 8938 4623 
3733 521 8152 6054 5379 2776 9769 3560 7313 9094 
9292 4720 2642 7897 1387 2338 8010 4770 5434 
8204 6949 191 7361 66 4470 2272 6221 
346 5313 5060 5743 5320 
7587 5440 3279 6537 
1491 7049 4948 
6047 2233 5573 9089 2516 798 5768 5594 6192 3654 5886 
2678 6493 9952 7004 9678 5755 646 169 9877 360 
2767 3114 8639 6385 5181 8208 
4698 152 4149 2394 4909 516 7628 8466 
7 182 3979 5533 5619 3185 7565 667 5846 4906 
7767 9815 266 8880 1509 9654 4098 2109 7345 
8963 5936 7652 9219 1709 7355 
2041 1470 3804 1566 6562 6991 6341 3094 
1792 4269 4284 8787 1220 8954 7462 
1595 9957 2069 656 6480 7094 
2356 7506 4798 6092 4592 7307 4479 3619 1932 2508 
4973 1633 6912 2287 9408 5655 4105 
2948 3788 2123 3573 535 7024 6571 
681 5229 9692 4018 9524 226 1636 4434 7203 
620 6530 7238 5734 9500 1832 2788 4190 5360 9100 745 
1451 9572 5769 3257 
6436 5710 7981 491 6297 5659 4165 5238 4778 
4314 9227 3355 4151 116 
4176 561 6395 4184 6356 9562 5003 5636 9138 
582 6064 5874 8737 3515 2141 2881 9190 9794 2773 
5527 5668 11 2112 
3411 3545 7972 4160 9841 
6995 7191 7103 9287 1167 6258 
7411 7846 5263 3588 
4337 4311 9310 659 7805 4032 
1452 1989 8408 2010 
1283 1978 8041 6123 4301 1336 1687 5996 5288 
5310 4894 6410 4744 2348 2851 7553 8120 5530 
8619 7250 5259 7065 5831 5162 
3967 2733 7213 637 1252 4483 3233 1628 6931 
2221 528 5816 3206 
1098 3124 4466 
8540 1297 4451 4664 7320 5042 3189 6583 
900 4014 7349 3707 973 8826 1910 4579 3832 7871 
6353 5345 176 2929 5605 1824 
1974 5658 5749 4944 57 2549 113 
4594 7931 3385 9574 2501 8303 6475 
7613 5561 1959 7769 282 1516 9780 1992 7646 
6567 1917 4495 
1649 3424 2443 4403 6509 381 8220 8484 4308 9171 
6720 4843 1909 3310 2988 2100 2175 
5467 7570 5680 
6220 4931 3708 3649 6259 3507 3127 4792 
2056 6563 9374 7246 2679 6997 6155 8162 5878 
1333 4174 9670 4924 4423 5501 5887 
8627 5308 4303 7406 9644 8318 9201 7807 6020 7597 
2790 6094 4856 4323 8284 209 2692 2315 
2295 1985 5518 1979 2084 1100 478 7700 8952 6772 
7089 4827 5821 7142 9601 5448 3347 
3726 4607 9705 5167 
1866 8407 3636 499 9034 3624 3902 6970 7400 5350 7387 
5685 5504 5364 3874 
5698 1133 6801 7244 
8411 9635 7087 8604 8947 2134 5683 7357 3090 
464 547 2460 5568 7030 1097 9682 8526 
196 8663 2593 4570 9979 7267 286 7721 7237 6178 1378 
7489 4505 8088 
8908 3522 9930 6230 6718 3100 4983 9596 559 7016 3674 
3264 7011 6244 7164 5201 9135 6554 6989 
2887 6909 9133 6465 8939 
4485 5519 666 4673 9442 7496 1528 
6055 4915 5150 6522 1565 747 
9785 6774 4489 6291 5969 7649 248 
3631 7969 8925 4196 4099 1150 1583 2024 6568 
4785 8873 9251 758